OCGR: 116.52 -15.56 -4.81 0.0 0.0
RUCoP: 19.65 8.46 -32.34 0.5215686274509803 2.797058823529412
CGR-AK: 171.56 -18.91 -5.83 0.0 0.0
RUCoP-AK: 194.39 35.59 -58.57 0.5196078431372548 10.48529411764706
OCGR-UCoP: 135.24 -9.54 -5.52 16.041176470588233 98.83039215686274
ORUCoP: 152.29 -2.67 -64.28 39.96862745098039 206.98627450980396
CGR-UCoP: 17.03 12.62 -1.1 0.2862745098039215 2.1098039215686275
CGR-UCoP-AK: 157.01 -7.89 -8.32 0.2745098039215686 2.0999999999999996
